0.0019595583
0.0007443582
0.00079792144
0.0007532924
0.0012958788
0.00087232067
0.0029584258
0.00047646655
0.0040453924
0.0005421556
0.0014172675
0.005515055
0.0006688278
0.0006139728
0.00082358625
0.0006962569
0.0006154216
0.0006280292
0.0006184606
0.0006224607
0.0006226243
0.00071286544
0.0013261152
0.00054494495
0.00070092024
0.0041327775
0.0011769307
0.00050343096
0.0010310552
0.00067877973
0.00067441986
0.0006148125
0.0007430458
0.00061646616
0.0006367113
0.00060505915
0.00062098267
0.0006279422
0.00064638146
0.00066071155
0.00062787684
0.00066409924
0.00073474227
0.0006277723
0.0006272617
0.0006482679
0.0011110967
0.0005718932
0.0041036736
0.00047854747
0.0009846648
0.0008876942
0.0009830678
0.0011202375
0.0010537882
0.0009123537
0.00062454405
0.0009042577
0.00091172534
0.0009859917
0.0011526089
0.0009746031
0.00065943506
0.0004957247
0.0015871882
0.0013643752
0.002317085
0.007026912
0.0013679727
0.00062793674
0.003952947
0.00063922006
0.00075008324
0.0026465089
0.051211476
0.013496114
0.0061196703
0.003357818
0.00062578067
0.0018868003
0.00079126295
0.0018481042
0.000470641
0.00047481558
0.00051288505
0.00091134093
0.00090072554
0.0009132199
0.0009364834
0.0008680333
0.0038594876
0.008101277
0.0006213229
0.0034915018
0.00091344665
0.0012984277
0.0019650168
0.001121758
0.0040771635
0.002886523
0.0007031337
0.0013146575
0.00065531215
0.0013028487
0.00084112433
0.00073739607
0.0038336995
0.00073666766
0.0033046051
0.002023268
0.00062123593
0.0016294485
0.0009151823
0.00063325337
0.00064707326
0.00073350384
0.0035700402
0.0006888391
0.00087481394
0.00074021204
0.0010011464
0.0015764717
0.0006498588
0.001806126
0.0010117863
0.0006200103
0.00062002434
0.0006173212
0.0018258666
0.00051269913
0.00064230675
0.003816038
0.0018032622
0.0022063977
0.00075350836
0.001029206
0.0004935979
0.0006341638
0.00072238507
0.0007538629
0.0032849747
0.0006296341
0.000671536
0.0033699195
0.0002267634
0.0009095626
0.00069182547
0.0036484562
0.00088414876
0.0031516242
0.0035356716
0.003825311
0.003994905
0.0032284013
0.00048860436
0.00048031495
0.00047641242
0.0011318189
0.0005151889
0.00016890271
0.00010627337
0.0006354054
0.00013983913
0.00014299923
0.0012237136
0.0009628188
0.0035262026
0.00065950793
0.0012530938
0.001059755
0.0035145245
0.0008364984
0.0011369482
0.00040980746
0.0020914883
0.003748836
0.0008203256
0.0006327712
0.00079925323
0.0035604448
0.00079028745
0.0020769236
0.0004921196
0.0010821251
0.0005128515
0.00092385674
0.00071467925
0.0005085814
0.0009039673
0.0010635672
0.0006167255
0.0006286654
0.0007659111
0.0011359596
0.00010800622
0.00010990548
0.000114353046
0.0001466952
0.00064828235
0.0006234705
0.0006354741
0.0006283598
0.0009658373
0.0035051075
0.004101916
0.0010443178
0.0006706385
0.0010180862
0.002666242
0.0025526811
0.0004803686
0.0034536917
0.0032771926
0.0056602443
0.0032738424
0.0010813827
0.0001756657
0.00016587433
0.003523244
0.0035224457
0.031191612
0.0006449604
0.0013579272
0.00063582655
0.00063729455
0.0032631003
0.0032578248
0.0030417747
0.003250756
0.0032454897
0.02317114
0.023848208
0.01650781
0.023210552
0.027974004
0.026155775
0.015162036
0.014204122
0.01500542
0.010991271
0.020959917
0.024270542
0.022684071
0.024779525
0.023250412
0.023143975
0.01735833
0.015813932
0.022325668
0.0340822
0.024658628
0.026130062
0.01570957
0.028002765
0.020505078
0.021637836
0.020210948
0.02158229
0.04783821
0.0149187315
0.020036543
0.027363878
0.016043704
0.020547818
0.015069947
0.027475413
0.022538563
0.026252389
0.021674113
0.025954198
0.04113654
0.016512414
0.020686174
0.022817023
0.020582419
0.017773982
0.01390239
0.011217603
0.013544405
0.011373334
0.02330742
0.014840988
0.022249859
0.022649197
0.027284544
0.01827904
0.022656241
0.014178487
0.01411826
0.021516006
0.013565794
0.028645929
0.015895143
0.016503122
0.013535164
0.023478614
0.021540726
0.026025346
0.025457492
0.024738044
0.025490593
0.02753834
0.021834394
0.02152131
0.01152456
0.021787403
0.01582293
0.013544241
0.013571329
0.015907476
0.026404496
0.0156018855
0.016432893
0.021539446
0.014776123
0.09547791
0.01749327
0.019890882
0.025498122
0.015673026
0.00049779937
0.007290481
0.0004498937
0.00897996
0.009099729
0.00042915327
0.009690406
0.049804494
0.008219188
0.016593779
0.021324832
0.0073083416
0.014603084
0.011203759
0.028707528
0.015248681
0.0006671498
0.008420069
0.018253205
0.0141674
0.014214074
0.00048218216
0.031040873
0.009628739
0.00048925565
0.024810843
0.00042627542
0.0005722462
0.00051536865
0.0005307123
0.0004064952
0.00055105495
0.00038733293
0.0005372541
0.0005021366
0.00040593237
0.0005135172
0.00057991955
0.00085904356
0.009513879
0.000488864
0.00055864546
0.0004208652
0.0008910967
0.0004528299
0.0007429606
0.0008703461
0.000675536
0.0006664557
0.00060515833
0.0017123381
0.0006817471
0.0008797654
0.0007006125
0.0007061794
0.0009706061
0.0007535029
0.0009651875
0.00058657804
0.0008420707
0.00074114965
0.0041139554
0.000642995
0.00044267563
0.0004080275
0.00046027295
0.00041076745
0.00040823082
0.00039035865
0.00040503446
0.0004250519
0.0004081622
0.00039143633
0.00040889444
0.00040649244
0.00041670492
0.00040896522
0.0005421847
0.0005681672
0.00045429316
0.00061050814
0.00061448256
0.0005149544
0.00053066784
0.0003927225
0.0006060706
0.00045842287
0.00066661707
0.00053554995
0.000525247
0.00066916255
0.00048398823
0.00040352638
0.0003985719
0.0004565912
0.00052046654
0.00038433913
0.0004498784
0.00044167586
0.00043253382
0.00040618732
0.0004171079
0.00054014736
0.00044863252
0.0005444567
0.00045354353
0.00053205155
0.00047459817
0.00126158
0.0047072205
0.004712369
0.0012196267
0.0043069925
0.0012521263
0.0011802663
0.0014439474
0.0013428023
0.0012556426
0.0054869675
0.0014962829
0.001254861
0.0015716997
0.006631451
0.0065361643
0.0018560968
0.0004350994
0.00044604056
0.0004672035
0.0005713039
0.00046806908
0.0004737522
0.0015751518
0.00039030617
0.00045408955
0.0003925609
0.00043246383
0.00044271923
0.000443753
0.0005144495
0.00046150875
0.00052724074
0.0005379318
0.00053123385
0.0005524835
0.0005288388
0.0005136657
0.0004960356
0.00053852674
0.0005243918
0.00045432794
0.00051981496
0.0005368294
0.00045655356
0.0008214215
0.00054325885
0.00052253285
0.00052038446
0.0004283335
0.00046721665
0.0004557395
0.00039595534
0.003192349
0.0029881839
0.0005589631
0.00061655487
0.0011745325
0.0010654145
0.00092591066
0.005317442
0.0028086654
0.00051582954
0.001151587
0.0022308514
0.0024249237
0.0006063258
0.0011383459
0.0032759137
0.0013566255
0.00069870683
0.0009468021
0.0010138205
0.0011093384
0.0011890624
0.0007022153
0.0006062251
0.0032365415
0.007978445
0.00052477454
0.0005263845
0.0028679005
0.0006229848
0.0005249937
0.0004729826
0.00057382963
0.0031927577
0.000782305
0.0031951505
0.00068861863
0.00067822274
0.005803286
0.00078341796
0.0009127782
0.0031311742
0.0010402764
0.0027946443
0.00047469203
0.0004941045
0.00090294593
0.0006610651
0.0006411469
0.003074536
0.0007055087
0.0007413835
0.0007083883
0.0008196646
0.00057530246
0.0030943663
0.0006955541
0.0018779706
0.01998183
0.036399048
0.000847157
